PTHR11848 PTHR11937 PTHR18945 PTHR23235 PTHR24115 PTHR24416
      308       148       147       183       172       526
  
13978 PTHR11848 GO:0007507  10   9
14054 PTHR11848 GO:0007179   7  77
14058 PTHR11848 GO:0007435   4   9
14031 PTHR11848 GO:0001657   5 120

    GO:0007507 GO:0007179 GO:0007435 GO:0001657
34           1          1          1          9
38           1          9          9          9
48           1          9          9          9
58           9          1          1          9
62           1          1          9          1
63           9          1          9          9
80           9          1          1          9
107          1          9          9          9
144          1          9          9          9
161          9          9          9          1
165          1          9          9          1
179          1          9          9          9
248          1          9          9          9
511          1          0          9          0
596          9          9          1          1
640          9          9          9          1
697          9          1          9          9
713          9          1          9          9

still want to check ontological relationship between trees
